000000000000000000000000000000
000000000000000000000000000000
000000000000000000000000000000
000000000000000000011111000000
000000000000000000111111000000
000000000000000001111111000000
000000000000000001111111000000
000000000000000011101111000000
000000000000000111101111000000
000000000000001111001111000000
000000000000001110001111000000
000000000000011110001111000000
000000000000111100001111000000
000000000000111000001111000000
000000000001111000001111000000
000000000011110000001111000000
000000000111100000001111000000
000000000111000000001111000000
000000001111000000001111000000
000000011110000000001111000000
000000011100000000001111000000
000000111100000000001111000000
000001111000000000001111000000
000001110000000000001111000000
000011110000000000001111000000
000111111111111111111111111100
000111111111111111111111111100
000111111111111111111111111100
000000000000000000001111000000
000000000000000000001111000000
000000000000000000001111000000
000000000000000000001111000000
000000000000000000001111000000
000000000000000000001111000000
000000000000000000001111000000
000000000000000000001111000000
000000000000000000001111000000
000000000000000000001111000000
000000000000000000000000000000
000000000000000000000000000000
