000000000000000000000000000000
000000000000000000000000000000
000000000000000000000000000000
000000000000111111100000000000
000000000111111111111000000000
000000001111111111111110000000
000000011111000000111111000000
000000111110000000001111000000
000000111100000000001111100000
000001111000000000000111100000
000001111000000000000111100000
000001111000000000000111100000
000001111000000000000111100000
000001111000000000000111100000
000000111100000000001111000000
000000111110000000011111000000
000000011111000000111110000000
000000001111110011111100000000
000000000011111111111000000000
000000000000111111100000000000
000000000011111111111000000000
000000001111111111111110000000
000000011111100000111111000000
000000111110000000001111100000
000001111100000000000111110000
000001111000000000000011110000
000011111000000000000011111000
000011110000000000000001111000
000011110000000000000001111000
000011110000000000000001111000
000011110000000000000001111000
000011111000000000000001111000
000001111000000000000011110000
000001111100000000000111110000
000000111111000000011111100000
000000011111111111111111000000
000000001111111111111100000000
000000000001111111100000000000
000000000000000000000000000000
000000000000000000000000000000
