000000000000000000000000000000
000000000000000000000000000000
000000000000000000000000000000
000000000000000000000000000000
000000000000000000000000000000
000000000000000000000000000000
000000000000000000000000000000
000000000011111111110000000000
000000001111111111111100000000
000000011111111111111110000000
000000111111111111111111000000
000001111111111111111111100000
000011111111111111111111110000
000111111111111111111111111000
000111111111111111111111111000
001111111111111111111111111100
001111111111111111111111111100
001111111111111111111111111100
001111111111111111111111111100
001111111111111111111111111100
001111111111111111111111111100
001111111111111111111111111100
001111111111111111111111111100
001111111111111111111111111100
001111111111111111111111111100
000111111111111111111111111000
000111111111111111111111111000
000011111111111111111111110000
000001111111111111111111100000
000000111111111111111111000000
000000011111111111111110000000
000000001111111111111100000000
000000000011111111110000000000
000000000000000000000000000000
000000000000000000000000000000
000000000000000000000000000000
000000000000000000000000000000
000000000000000000000000000000
000000000000000000000000000000
000000000000000000000000000000
