000000000000000000000000000000
000000000000000000000000000000
000000000000000000000000000000
000000000000000011000000000000
000000000000011111000000000000
000000000011111111000000000000
000000011111111111000000000000
000000111111111111000000000000
000000111110001111000000000000
000000110000001111000000000000
000000000000001111000000000000
000000000000001111000000000000
000000000000001111000000000000
000000000000001111000000000000
000000000000001111000000000000
000000000000001111000000000000
000000000000001111000000000000
000000000000001111000000000000
000000000000001111000000000000
000000000000001111000000000000
000000000000001111000000000000
000000000000001111000000000000
000000000000001111000000000000
000000000000001111000000000000
000000000000001111000000000000
000000000000001111000000000000
000000000000001111000000000000
000000000000001111000000000000
000000000000001111000000000000
000000000000001111000000000000
000000000000001111000000000000
000000000000001111000000000000
000000000000001111000000000000
000000000000001111000000000000
000000000000001111000000000000
000000111111111111111111110000
000000111111111111111111110000
000000111111111111111111110000
000000000000000000000000000000
000000000000000000000000000000
