000000000000000000000000000000
000000000000000000000000000000
000000000000000000000000000000
000000000000111111110000000000
000000000011111111111100000000
000000001111111111111110000000
000000011111000000111111000000
000000111100000000001111100000
000000110000000000000111100000
000000100000000000000111110000
000000000000000000000011110000
000000000000000000000011110000
000000000000000000000011110000
000000000000000000000011110000
000000000000000000000011110000
000000000000000000000011110000
000000000000000000000111100000
000000000000000000000111100000
000000000000000000001111000000
000000000000000000011111000000
000000000000000000011110000000
000000000000000000111100000000
000000000000000001111000000000
000000000000000011110000000000
000000000000000111100000000000
000000000000001111000000000000
000000000000011110000000000000
000000000000111100000000000000
000000000001111000000000000000
000000000011110000000000000000
000000000111100000000000000000
000000001111000000000000000000
000000011110000000000000000000
000000111100000000000000000000
000001111000000000000000000000
000011111111111111111111110000
000011111111111111111111110000
000011111111111111111111110000
000000000000000000000000000000
000000000000000000000000000000
