000000000000000000000000000000
000000000000000000000000000000
000000000000000000000000000000
000000111111111111111110000000
000000111111111111111110000000
000000111111111111111110000000
000000111100000000000000000000
000000111100000000000000000000
000000111100000000000000000000
000000111100000000000000000000
000000111100000000000000000000
000000111100000000000000000000
000000111100000000000000000000
000000111100000000000000000000
000000111100000000000000000000
000000111100000000000000000000
000000111100000000000000000000
000000111111111110000000000000
000000111111111111110000000000
000000111111111111111100000000
000000000000000011111110000000
000000000000000000111110000000
000000000000000000011111000000
000000000000000000001111000000
000000000000000000000111100000
000000000000000000000111100000
000000000000000000000111100000
000000000000000000000111100000
000000000000000000000111100000
000000000000000000000111100000
000000000000000000001111100000
000000000000000000001111000000
000000000000000000011111000000
000001000000000000111110000000
000001111000000011111100000000
000001111111111111111000000000
000000111111111111100000000000
000000001111111110000000000000
000000000000000000000000000000
000000000000000000000000000000
