000000000000000000000000000000
000000000000000000000000000000
000000000000000000000000000000
000011111111111111111111111000
000011111111111111111111111000
000011111111111111111111110000
000000000000000000000011110000
000000000000000000000111110000
000000000000000000000111100000
000000000000000000000111100000
000000000000000000001111000000
000000000000000000001111000000
000000000000000000011110000000
000000000000000000011110000000
000000000000000000111110000000
000000000000000000111100000000
000000000000000000111100000000
000000000000000001111000000000
000000000000000001111000000000
000000000000000011111000000000
000000000000000011110000000000
000000000000000011110000000000
000000000000000111100000000000
000000000000000111100000000000
000000000000001111000000000000
000000000000001111000000000000
000000000000001111000000000000
000000000000011110000000000000
000000000000011110000000000000
000000000000111100000000000000
000000000000111100000000000000
000000000001111000000000000000
000000000001111000000000000000
000000000001111000000000000000
000000000011110000000000000000
000000000011110000000000000000
000000000111100000000000000000
000000000111100000000000000000
000000000000000000000000000000
000000000000000000000000000000
